971 131 460 
971 131 460 
815 111 377 
547 89 453 
584 132 467 
656 245 363 
119 184 378 
398 117 419 
329 151 376 
95 243 361 
898 143 436 
262 153 453 
583 139 498 
515 157 443 
235 243 369 
55 198 443 
876 67 492 
565 161 408 
118 249 376 
577 227 368 
160 154 398 
256 203 477 
7 104 442 
726 131 383 
935 143 442 
201 146 428 
854 129 435 
750 233 404 
181 205 402 
178 166 361 
940 233 377 
684 118 494 
317 148 451 
626 217 402 
622 247 376 
145 130 389 
922 83 469 
607 183 500 
92 66 458 
834 105 378 
972 80 400 
229 177 438 
305 101 465 
464 221 374 
641 95 485 
176 97 455 
601 50 370 
172 96 401 
144 129 437 
785 196 405 
729 240 390 
496 123 421 
330 127 415 
693 133 444 
364 210 491 
877 113 385 
10 231 478 
688 246 446 
642 75 469 
62 157 366 
319 140 496 
563 150 474 
607 212 461 
814 179 476 
370 247 435 
433 104 408 
582 207 454 
328 61 419 
693 63 421 
724 61 424 
716 93 454 
346 212 416 
429 139 485 
3 172 445 
592 85 435 
704 68 452 
208 168 377 
375 196 457 
593 182 379 
278 71 449 
278 71 449 
413 108 475 
58 67 380 
114 208 494 
759 182 497 
101 221 368 
881 229 384 
10 115 401 
132 176 371 
714 63 454 
282 105 383 
794 94 439 
48 142 472 
769 85 457 
729 217 415 
253 70 439 
280 169 446 
513 100 487 
508 249 398 
595 105 483 
931 166 423 
378 199 494 
132 234 406 
129 162 403 
55 175 394 
927 89 369 
110 158 462 
752 238 394 
308 126 434 
545 197 373 
712 132 392 
587 115 481 
471 205 495 
899 182 430 
838 91 438 
702 71 400 
265 199 380 
981 217 403 
478 78 365 
770 116 475 
334 86 365 
60 113 398 
461 197 391 
699 157 454 
986 242 369 
614 89 364 
805 63 463 
821 196 430 
487 143 381 
53 126 410 
926 77 373 
525 214 385 
84 66 435 
809 226 435 
317 243 371 
892 182 409 
814 50 477 
478 105 488 
692 183 362 
820 126 387 
292 136 413 
330 120 405 
617 154 370 
852 100 413 
596 105 365 
913 54 481 
703 171 364 
114 146 376 
95 146 475 
505 67 463 
237 184 450 
14 235 439 
177 133 460 
415 242 415 
343 88 494 
570 214 390 
876 139 403 
420 183 390 
235 148 455 
553 73 405 
555 108 497 
30 167 410 
42394 160 492 
14084 234 498 
5701 185 453 
48586 174 481 
82437 181 427 
73601 82 405 
87817 242 430 
1135 120 380 
88720 210 483 
83383 61 408 
81198 167 388 
47637 213 366 
79396 188 469 
13137 191 450 
14298 200 462 
61584 124 455 
58088 126 401 
74254 237 411 
89076 99 441 
83634 162 426 
24062 152 406 
70242 51 365 
67802 140 477 
19844 220 413 
56804 210 494 
82012 175 382 
28144 88 476 
32232 155 380 
68984 221 386 
77573 170 416 
36123 95 411 
75004 211 438 
9036 185 424 
39476 134 364 
86000 145 390 
20335 70 415 
78323 149 394 
88501 168 477 
66693 68 371 
53558 120 394 
41858 175 368 
5154 108 411 
29172 60 440 
19723 153 391 
60639 212 385 
64846 161 384 
28399 174 432 
62007 143 396 
41016 159 362 
58053 85 486 
46231 210 437 
62289 102 402 
64629 76 470 
39873 214 456 
53685 88 406 
58403 102 425 
50552 107 481 
12229 90 391 
44740 77 492 
29931 58 370 
5310 214 379 
8487 99 429 
30440 113 468 
21689 115 487 
32332 169 418 
43592 185 451 
18128 249 387 
32557 119 389 
49614 196 415 
32426 156 404 
54964 70 387 
26873 160 454 
21741 217 378 
41106 123 475 
50792 246 480 
44991 66 499 
10850 225 472 
1255 241 403 
34834 71 424 
17419 162 410 
75897 141 465 
44417 156 461 
54395 223 479 
66136 161 406 
11046 53 414 
15667 102 428 
48510 152 387 
68721 197 465 
10201 193 365 
5014 69 420 
78690 62 496 
67144 135 391 
72411 194 411 
3847 234 450 
85390 173 486 
82118 65 368 
30798 201 443 
21513 148 498 
40377 187 413 
6527 198 384 
57616 201 371 
22737 213 383 
68316 125 361 
36649 166 419 
89589 233 480 
1458 105 400 
2264 142 495 
76290 219 380 
51852 227 433 
33220 135 411 
89559 59 367 
57727 227 379 
32094 240 435 
22265 129 430 
75422 248 388 
22265 129 430 
75422 248 388 
27472 147 382 
30451 209 435 
12993 163 375 
73373 107 370 
20039 159 396 
723 80 455 50 41 
259 124 406 45 47 
292 168 377 25 31 
422 124 462 66 34 
183 249 381 31 44 
278 238 386 72 48 
331 113 390 48 32 
735 192 422 22 43 
214 118 477 44 30 
403 214 425 41 40 
350 149 434 57 34 
106 76 367 77 41 
39 239 365 54 32 
916 55 473 43 45 
883 163 402 40 46 
730 109 380 20 36 
9 117 500 38 30 
564 125 470 80 43 
815 81 411 42 33 
961 102 471 20 35 
419 157 396 71 44 
991 236 407 28 30 
686 227 476 27 39 
315 163 432 31 34 
777 207 365 67 39 
35 233 439 54 38 
332 112 482 34 48 
503 125 487 37 48 
924 233 396 23 46 
590 208 398 56 46 
280 118 363 80 39 
720 241 424 67 31 
807 74 415 73 44 
906 194 377 31 40 
56 218 498 46 36 
809 215 458 62 30 
116 149 390 49 50 
758 143 493 69 44 
743 191 487 49 34 
17 168 418 60 49 
615 103 378 76 40 
165 171 386 48 34 
955 76 371 66 35 
77 211 433 43 37 
828 92 408 26 43 
174 186 361 30 33 
376 116 450 47 37 
387 102 484 63 34 
625 198 500 24 35 
840 245 422 60 36 
123 73 364 70 50 
934 76 469 71 34 
892 122 496 50 35 
327 96 467 28 47 
209 147 458 60 36 
97 228 415 41 42 
934 147 373 27 30 
169 233 381 24 49 
157 179 488 37 31 
284 242 479 57 30 
959 215 452 50 35 
42 83 427 75 47 
476 234 451 27 39 
260 55 369 29 32 
752 244 495 59 45 
970 208 461 51 49 
838 55 427 65 42 
392 205 488 68 49 
1000 175 416 69 50 
483 206 437 39 30 
112 223 435 42 45 
86 190 442 31 50 
26 57 489 22 32 
362 204 482 34 41 
31 84 371 78 41 
430 52 451 66 48 
361 81 375 29 39 
141 139 491 61 44 
604 72 411 45 50 
890 154 373 36 49 
374 196 454 37 32 
772 229 444 68 38 
73 192 460 57 39 
284 177 442 30 45 
969 177 426 25 36 
924 228 397 20 45 
208 138 499 75 38 
136 75 449 34 41 
509 158 445 39 48 
488 156 473 79 38 
449 53 484 54 49 
271 197 417 76 31 
130 82 461 47 36 
726 113 401 32 39 
280 152 461 70 43 
690 73 410 72 50 
990 147 374 31 47 
51 99 369 35 39 
781 238 412 77 46 
40 158 425 75 35 
158 64 371 80 31 
390 145 424 77 44 
650 50 472 48 42 
605 108 472 23 46 
403 131 367 37 38 
877 98 394 47 47 
599 159 441 76 47 
465 145 489 80 46 
518 72 368 34 30 
349 152 366 43 43 
566 250 394 77 30 
154 192 419 31 45 
724 163 429 45 39 
330 124 482 61 37 
926 106 401 55 35 
593 240 407 73 46 
119 118 400 76 44 
911 124 424 37 47 
474 182 368 62 49 
782 91 469 75 41 
865 188 471 55 34 
54 116 454 67 47 
276 50 455 51 41 
761 215 488 34 30 
55 155 403 65 43 
889 102 485 58 41 
461 116 438 31 47 
44 71 423 27 45 
451 76 415 80 46 
876 168 412 36 40 
888 165 423 36 44 
176 225 365 49 41 
706 73 438 57 31 
137 95 423 23 40 
769 201 428 73 39 
466 82 447 67 39 
787 55 437 26 40 
640 133 452 57 38 
223 123 401 65 41 
56 170 398 31 45 
507 175 468 72 33 
238 110 360 46 43 
606 173 361 50 43 
301 155 469 25 33 
337 222 407 35 41 
145 99 404 55 46 
452 243 397 44 32 
1 119 483 50 44 
877 221 434 42 46 
122 148 397 48 31 
479 213 373 56 44 
518 149 498 35 30 
706 247 456 54 37 
839 166 399 74 46 
107 218 464 69 38 
221 74 381 26 47 
470 149 485 69 43 
367 83 401 69 40 
992 175 493 53 41 
993 102 487 72 38 
830 124 364 54 36 
695 115 496 70 39 
721 155 371 58 41 
145 92 472 22 37 
515 62 453 21 34 
770 170 476 20 38 
795 198 425 20 32 
52 70 397 38 31 
772 145 363 67 40 
187 50 475 80 35 
712 68 360 45 44 
588 244 386 57 44 
131 74 497 31 36 
276 92 401 35 46 
964 110 362 80 38 
805 176 385 53 35 
403 144 467 35 41 
755 210 373 42 48 
109 224 409 31 43 
363 157 398 80 39 
833 224 445 23 43 
838 121 487 42 50 
573 66 497 66 30 
156 152 461 21 37 
778 61 383 53 42 
207 112 473 48 41 
12 221 379 43 43 
298 175 376 32 35 
463 188 467 74 38 
43 130 495 29 47 
78 197 480 26 49 
21 161 447 60 33 
133 182 420 26 37 
919 188 407 25 37 
665 135 462 65 30 
855 91 480 67 39 
695 177 431 52 50 
919 188 407 25 37 
665 135 462 65 30 
855 91 480 67 39 
695 177 431 52 50 
2 226 405 34 31 
155 249 360 27 30 
336 144 449 29 32 
